#Running with 10 latency at 8000uS sample rate
#sampleCount	Signal	BPM	IBI	jitter
2	513	600	0	-7938	81
4	512	600	0	-21	58
6	507	600	0	-4	52
8	504	600	0	0	52
10	506	600	0	-1	49
12	508	600	0	0	53
14	508	600	0	-2	51
16	504	600	0	0	50
18	505	600	0	0	52
20	505	600	0	0	51
22	511	600	0	0	54
24	512	600	0	-2	52
26	509	600	0	-1	50
28	508	600	0	2	54
30	509	600	0	-3	50
32	513	600	0	2	57
34	513	600	0	-4	52
36	511	600	0	1	51
38	509	600	0	2	53
40	510	600	0	-2	54
42	512	600	0	-3	51
44	512	600	0	3	53
46	511	600	0	-1	52
48	512	600	0	4	58
50	512	600	0	-6	54
52	515	600	0	2	58
54	513	600	0	-4	53
56	510	600	0	0	53
58	506	600	0	1	54
60	509	600	0	-3	52
62	510	600	0	1	53
64	510	600	0	0	55
66	506	600	0	-3	51
68	505	600	0	0	50
70	504	600	0	-1	50
72	507	600	0	0	50
74	509	600	0	-1	50
76	506	600	0	0	51
78	504	600	0	0	50
80	507	600	0	-1	51
82	509	600	0	-1	52
84	509	600	0	-1	51
86	509	600	0	-1	51
88	508	600	0	2	51
90	508	600	0	-3	50
92	511	600	0	0	50
94	513	600	0	-1	50
96	511	600	0	0	51
98	509	600	0	0	49
100	509	600	0	1	54
102	512	600	0	-2	52
104	515	600	0	2	57
106	512	600	0	9	66
108	509	600	0	3	70
110	510	600	0	-10	58
112	512	600	0	-5	54
114	512	600	0	-3	50
116	510	600	0	1	50
118	507	600	0	-2	49
120	509	600	0	12	69
122	510	600	0	-11	53
124	511	600	0	-2	49
126	510	600	0	-1	51
128	507	600	0	0	50
130	509	600	0	0	52
132	510	600	0	13	74
134	512	600	0	-13	53
136	510	600	0	-2	52
138	509	600	0	0	51
140	509	600	0	-2	50
142	510	600	0	0	51
144	512	600	0	-1	52
146	510	600	0	0	51
148	506	600	0	0	49
150	507	600	0	-1	50
152	508	600	0	-1	49
154	509	600	0	-1	51
156	508	600	0	0	50
158	507	600	0	1	50
160	506	600	0	-1	51
162	510	600	0	-1	52
164	511	600	0	-1	50
166	509	600	0	0	49
168	508	600	0	-1	50
170	509	600	0	-1	51
172	511	600	0	0	50
174	512	600	0	0	52
176	509	600	0	-1	51
178	507	600	0	0	51
180	509	600	0	-2	50
182	512	600	0	0	50
184	512	600	0	1	52
186	510	600	0	-1	51
188	508	600	0	-1	50
190	508	600	0	1	52
192	510	600	0	-2	50
194	511	600	0	0	53
196	510	600	0	-1	49
198	508	600	0	0	50
200	510	600	0	-2	49
202	512	600	0	1	51
204	513	600	0	1	50
206	509	600	0	-1	53
208	507	600	0	-2	50
210	509	600	0	0	51
212	510	600	0	-2	50
214	511	600	0	0	50
216	510	600	0	-1	49
218	508	600	0	1	51
220	509	600	0	-2	49
222	509	600	0	2	53
224	512	600	0	-3	50
226	510	600	0	0	50
228	508	600	0	0	49
230	510	600	0	0	51
232	512	600	0	-2	50
234	512	600	0	0	51
236	510	600	0	-1	49
238	506	600	0	2	52
240	508	600	0	-3	49
242	509	600	0	0	50
244	511	600	0	1	53
246	510	600	0	-1	50
248	506	600	0	-1	51
250	508	600	0	0	52
252	510	600	0	-3	50
254	511	600	0	1	53
256	508	600	0	-1	51
258	507	600	0	1	50
260	508	600	0	-2	50
262	509	600	0	1	51
264	510	600	0	-2	49
266	507	600	0	0	50
268	506	600	0	0	49
270	508	600	0	0	52
272	509	600	0	-2	49
274	512	600	0	-1	50
276	508	600	0	0	49
278	508	600	0	0	51
280	509	600	0	-1	49
282	511	600	0	0	51
284	512	600	0	-2	50
286	509	600	0	2	51
288	508	600	0	-2	49
290	508	600	0	-1	51
292	511	600	0	-1	49
294	512	600	0	0	50
296	510	600	0	0	50
298	508	600	0	0	51
300	509	600	0	-1	49
302	513	600	0	1	53
304	512	600	0	-2	50
306	510	600	0	0	51
308	507	600	0	-1	49
310	510	600	0	-1	50
312	511	600	0	-1	49
314	512	600	0	0	50
316	510	600	0	-1	49
318	508	600	0	2	51
320	510	600	0	-3	50
322	512	600	0	0	50
324	512	600	0	0	50
326	509	600	0	-1	50
328	508	600	0	-1	50
330	509	600	0	1	50
332	511	600	0	-2	49
334	512	600	0	1	50
336	507	600	0	-2	50
338	507	600	0	1	51
340	507	600	0	-2	49
342	510	600	0	0	50
344	511	600	0	-1	49
346	509	600	0	0	50
348	508	600	0	3	53
350	508	600	0	-3	51
352	510	600	0	-2	49
354	512	600	0	0	72
356	509	600	0	-1	50
358	508	600	0	1	51
360	510	600	0	-2	51
362	511	600	0	-1	51
364	511	600	0	0	51
366	510	600	0	0	51
368	508	600	0	-1	49
370	510	600	0	-1	50
372	512	600	0	-1	50
374	512	600	0	1	50
376	509	600	0	-1	49
378	508	600	0	1	52
380	509	600	0	-2	49
382	512	600	0	4	59
384	513	600	0	2	73
386	510	600	0	-4	57
388	508	600	0	-3	49
390	509	600	0	1	53
392	512	600	0	-2	52
394	512	600	0	-1	52
396	511	600	0	0	52
398	510	600	0	-1	51
400	512	600	0	-1	50
402	512	600	0	0	51
404	514	600	0	-1	51
406	509	600	0	0	51
408	509	600	0	-1	49
410	509	600	0	0	52
412	512	600	0	-2	50
414	512	600	0	1	49
416	510	600	0	-1	49
418	508	600	0	0	51
420	508	600	0	1	52
422	510	600	0	-1	51
424	510	600	0	-2	48
426	510	600	0	0	52
428	506	600	0	-1	49
430	508	600	0	0	51
432	511	600	0	-2	48
434	512	600	0	0	50
436	511	600	0	-1	49
438	509	600	0	1	49
440	509	600	0	-2	50
442	511	600	0	2	52
444	512	600	0	-4	50
446	509	600	0	2	50
448	508	600	0	-2	50
450	509	600	0	0	52
452	510	600	0	-1	48
454	513	600	0	1	52
456	509	600	0	-2	49
458	508	600	0	2	51
460	509	600	0	-3	49
462	510	600	0	0	51
464	512	600	0	1	50
466	510	600	0	-1	50
468	508	600	0	-1	49
470	509	600	0	-1	51
472	510	600	0	-2	50
474	511	600	0	2	52
476	507	600	0	-2	50
478	507	600	0	0	50
480	508	600	0	-1	49
482	510	600	0	0	52
484	512	600	0	-2	50
486	509	600	0	1	50
488	507	600	0	-1	50
490	509	600	0	0	52
492	511	600	0	-2	49
494	512	600	0	0	50
496	510	600	0	-1	50
498	509	600	0	1	51
500	511	600	0	-1	49
502	514	600	0	0	51
504	514	600	0	-2	50
506	511	600	0	2	51
508	509	600	0	-2	49
510	510	600	0	0	51
512	512	600	0	-2	49
514	512	600	0	0	51
516	509	600	0	-1	49
518	507	600	0	1	50
520	508	600	0	-1	51
522	509	600	0	0	54
524	509	600	0	-1	51
526	509	600	0	0	51
528	506	600	0	-1	50
530	508	600	0	-1	51
532	510	600	0	2	55
534	510	600	0	-3	52
536	509	600	0	0	52
538	509	600	0	0	53
540	511	600	0	-2	50
542	513	600	0	0	50
544	512	600	0	-1	49
546	510	600	0	0	50
548	508	600	0	0	49
550	510	600	0	-1	50
552	512	600	0	-1	51
554	513	600	0	0	52
556	510	600	0	-1	49
558	508	600	0	0	50
560	511	600	0	-1	49
562	512	600	0	-1	50
564	512	600	0	2	53
566	509	600	0	-2	52
568	507	600	0	0	52
570	508	600	0	-1	50
572	510	600	0	-1	49
574	512	600	0	-1	51
576	509	600	0	0	49
578	508	600	0	0	50
580	510	600	0	-2	50
582	510	600	0	1	52
584	510	600	0	0	51
586	509	600	0	-1	50
588	506	600	0	-1	50
590	509	600	0	-1	50
592	510	600	0	-1	50
594	511	600	0	0	49
596	508	600	0	0	48
598	506	600	0	1	51
600	509	600	0	-2	49
602	511	600	0	-1	51
604	511	600	0	0	50
606	508	600	0	0	50
608	507	600	0	-1	49
610	510	600	0	-1	51
612	510	600	0	-1	50
614	512	600	0	1	51
616	509	600	0	0	49
618	508	600	0	-1	50
620	509	600	0	-1	49
622	511	600	0	-1	50
624	512	600	0	-1	50
626	508	600	0	0	51
628	506	600	0	1	51
630	510	600	0	-2	51
632	510	600	0	0	51
634	512	600	0	3	56
636	509	600	0	-3	51
638	509	600	0	-2	50
640	509	600	0	-1	49
642	514	600	0	0	50
644	513	600	0	0	51
646	511	600	0	-1	53
648	509	600	0	0	49
650	509	600	0	1	52
652	511	600	0	-3	49
654	512	600	0	-1	50
656	509	600	0	0	49
658	508	600	0	0	51
660	511	600	0	-1	50
662	512	600	0	0	52
664	512	600	0	-1	50
666	510	600	0	0	49
668	508	600	0	-1	49
670	509	600	0	0	49
672	510	600	0	-2	50
674	512	600	0	1	50
676	509	600	0	-1	50
678	510	600	0	2	52
680	510	600	0	-3	50
682	512	600	0	1	52
684	513	600	0	-2	49
686	510	600	0	-1	51
688	507	600	0	0	50
690	509	600	0	-1	50
692	511	600	0	1	51
694	511	600	0	-2	52
696	508	600	0	0	50
698	506	600	0	0	51
700	509	600	0	-1	49
702	512	600	0	-1	50
704	511	600	0	1	51
706	509	600	0	-1	51
708	506	600	0	0	71
710	508	600	0	0	51
712	510	600	0	-2	49
714	511	600	0	1	51
716	510	600	0	-2	50
718	507	600	0	0	51
720	509	600	0	-1	48
722	510	600	0	0	52
724	511	600	0	0	52
726	509	600	0	0	50
728	507	600	0	-2	50
730	509	600	0	0	50
732	511	600	0	-1	49
734	512	600	0	0	50
736	509	600	0	-1	48
738	507	600	0	0	51
740	509	600	0	-1	50
742	512	600	0	0	51
744	512	600	0	-1	50
746	511	600	0	1	51
748	509	600	0	-2	49
750	511	600	0	-1	50
752	512	600	0	-1	49
754	513	600	0	0	50
756	511	600	0	0	51
758	509	600	0	-1	51
760	510	600	0	-1	50
762	512	600	0	0	50
764	512	600	0	-1	49
766	510	600	0	0	50
768	508	600	0	0	50
770	510	600	0	-1	51
